0
326
329
332
336
337
339
344
345
345
345
345
345
345
352
352
353
353
353
353
353
353
353
353
353
353
353
353
353
353
353
353
354
356
356
356
356
356
356
356
356
356
356
356
356
356
356
356
356
356
356
356
356
357
357
357
357
357
357
357
357
357
357
357
357
358
358
358
358
358
358
358
358
358
358
358
358
358
358
358
358
361
361
361
361
361
362
362
363
363
366
366
369
377
379
379
379
379
379
379
379
380
389
393
399
408
418
450
464
478
483
485
485
487
488
488
488
489
489
489
491
504
525
577
669
1002
1409
2022
2898
4259
5315
6270
7570
8225
8753
9197
9796
10184
10542
11116
11447
11790
12075
12582
12949
13297
13702
14402
14975
15615
16777
17648
18568
19618
21334
22605
24107
25702
28329
30374
32645
36287
39081
42090
44858
48739
51072
53314
55318
58003
59609
61365
63771
65531
67763
70206
74747
78403
83283
89060
100629
111689
125059
150208
169417
190244
209653
230974
242664
252251
261343
262024
262109
262110
262110
262110
262110
262110
262110
262110
262110
262110
262110
262110
262110
262110
262110
262110
262110
262110
262110
262110
262110
262111
262115
262115
262115
262115
262115
262115
262115
262115
262117
262117
262117
262117
262117
262117
262117
262117
262117
262119
262119
262119
262119
262119
262119
262119
262119
262119
262119
262119
262119
262121
262121
262121
262121
262121
262121
262121
262121
262121
262121
262121
262121
262121
