0.00135803
0.00135803
0.0116463
0.0154686
0.0193481
0.0223808
0.0272865
0.0297089
0.0336685
0.038784
0.0407066
0.0449715
0.0496368
0.0544662
0.0573311
0.0601158
0.0657921
0.0687294
0.0687294
0.0749893
0.0814133
0.0814133
0.0877037
0.0912285
0.0945587
0.101055
0.104553
0.107872
0.107872
0.114616
0.117916
0.12418
0.127048
0.13007
0.135681
0.138245
0.141109
0.146282
0.151302
0.156071
0.158115
0.162537
0.166649
0.170685
0.174259
0.177917
0.181694
0.18737
0.191437
0.195236
0.195236
0.201946
0.204105
0.210827
0.21294
0.217533
0.219574
0.226067
0.228313
0.232578
0.237213
0.242031
0.244469
0.249424
0.251904
0.254398
0.259754
0.265148
0.265148
0.271179
0.274242
0.277534
0.284534
0.288105
0.288105
0.288105
0.296963
0.301708
0.306778
0.306778
0.306778
0.317928
0.317928
0.324356
0.330959
0.330959
0.330959
0.330959
0.347557
0.347557
0.347557
0.35643
0.35643
0.3661
0.3661
0.3661
0.3661
0.3661
0.3661
0.387878
0.387878
0.387878
0.399578
0.399578
0.399578
0.399578
0.399578
0.399578
0.399578
0.427063
0.427063
0.427063
0.427063
0.442261
0.442261
0.442261
0.442261
0.458397
0.458397
0.458397
0.458397
0.458397
0.458397
0.458397
0.458397
0.458397
0.494038
0.494038
0.494038
0.494038
0.494038
0.512936
0.512936
0.512936
0.512936
0.512936
0.533249
0.533249
0.533249
0.533249
0.533249
0.533249
0.533249
0.533249
0.533249
0.533249
0.533249
0.575478
0.575478
0.575478
0.575478
0.575478
0.596519
0.596519
0.596519
0.596519
0.596519
0.596519
0.618595
0.618595
0.618595
0.618595
0.618595
0.618595
0.618595
0.618595
0.618595
0.618595
0.618595
0.663612
0.663612
0.663612
0.663612
0.663612
0.663612
0.663612
0.688618
0.688618
0.688618
0.688618
0.688618
0.688618
0.688618
0.688618
0.688618
0.688618
0.688618
0.688618
0.688618
0.688618
0.745972
0.745972
0.745972
0.745972
0.745972
0.745972
0.745972
0.745972
0.775909
0.775909
0.775909
0.775909
0.775909
0.775909
0.775909
0.801723
0.801723
0.801723
0.801723
0.801723
0.801723
0.801723
0.801723
0.801723
0.801723
0.841049
0.841049
0.841049
0.841049
0.858166
0.858166
0.858166
0.858166
0.858166
0.875397
0.875397
0.875397
0.875397
0.875397
0.875397
0.875397
0.875397
0.875397
0.913792
0.913792
0.913792
0.913792
0.913792
0.913792
0.935009
0.935009
0.935009
0.935009
0.952785
0.952785
0.952785
0.952785
0.952785
0.952785
0.952785
0.952785
0.982937
0.982937
0.982937
0.982937
1
