0
0
0
0
0
0
0
0
0
0
0
0
0
0
0
0
0
0
0
0
0
0
0
0
0
0
2
3
3
3
3
4
4
4
4
5
5
5
5
6
6
6
6
7
7
8
8
9
9
10
11
12
12
13
14
15
16
17
19
20
20
22
23
24
25
26
27
29
30
31
32
33
34
35
36
37
38
38
39
40
41
42
42
43
44
44
45
46
46
47
47
48
49
49
51
51
52
53
53
54
55
56
57
57
58
59
60
60
61
62
63
64
65
66
67
67
69
70
71
72
73
76
77
78
81
83
84
88
91
93
99
102
109
113
117
126
131
136
147
152
158
169
176
190
198
205
215
219
224
233
239
243
251
255
255
255
255
255
255
255
255
255
255
255
255
255
255
255
255
255
255
255
255
255
255
255
255
255
255
255
255
255
255
255
255
255
255
255
255
255
255
255
255
255
255
255
255
255
255
255
255
255
255
255
255
255
255
255
255
255
255
255
255
255
255
255
255
255
255
255
255
255
255
255
255
255
255
255
255
255
255
255
255
255
255
255
255
255
255
255
255
255
255
255
255
255
255
255
255
255
255
255
255
255
255
256
