0.00140762
0
0
0.0137749
0.00419998
0.00356293
0.0037384
0.00220871
0.00512314
0.00432205
0.00445557
0.00308228
0.00356293
0.00240326
0.00389099
0.00430298
0.00307083
0.00507736
0.00548172
0.00401688
0
0.0063324
0
0.00688171
0.00485611
0
0.00806808
0.00525284
0
0
0.00859833
0
0.00833893
0.00524521
0
0.00826645
0
0.00798798
0
0.00497818
0.00750732
0
0.00732422
0
0.00488663
0
0.00772095
0.00728226
0
0.00461578
0.00722122
0
0.00611496
0.00382233
0.00538635
0
0.00829315
0
0.00481415
0.00508881
0.00326157
0.00533676
0
0.00884247
0
0.00587845
0.00390244
0.00584793
0
0.00638199
0.00474167
0
0.00722504
0
0.0079422
0
0.00576782
0
0.00987625
0
0
0.0123711
0
0
0.0102119
0
0
0
0
0.020237
0
0
0
0
0
0
0.0259781
0
0
0
0
0.0218124
0
0
0
0
0
0
0
0
0
0
0.0405807
0
0
0
0
0
0
0
0
0
0
0
0
0
0.0546989
0
0
0
0
0
0
0
0
0
0
0.0417671
0
0
0
0
0
0
0
0
0
0
0
0
0
0
0
0
0.0689201
0
0
0
0
0
0
0
0
0
0
0
0
0
0
0
0
0
0
0.0735512
0
0
0
0
0
0
0
0
0
0
0
0
0
0.0561142
0
0
0
0
0
0
0
0
0
0
0
0
0
0
0
0
0
0
0
0
0.0809746
0
0
0
0
0
0
0
0
0
0
0
0
0
0.0562134
0
0
0
0
0
0
0
0
0.0343323
0
0
0
0
0
0
0
0
0
0
0
0
0
0.0522156
0
0
0
0
0
0
0
0.0320625
0
0.0103874
