328
337
337
338
338
338
338
338
338
338
338
339
339
340
340
340
340
340
340
340
340
340
342
344
345
350
350
350
350
350
350
351
351
351
351
351
351
351
351
351
351
351
351
351
351
351
351
351
351
351
351
3245
3549
3963
4541
5064
5998
6979
7561
8266
8904
9386
10038
10736
11205
12014
12948
13578
14598
15729
16534
17866
19304
20357
22017
23820
25093
27208
28586
30840
33026
34401
36569
38662
39967
41936
43857
45139
47164
49074
50283
52175
53776
54781
56185
57475
58365
59627
60951
61806
63205
64579
65523
67072
68095
69628
71301
72543
74435
76516
78028
80617
83860
86536
91841
98650
104367
115004
129342
140291
158354
177636
192351
213578
228314
237315
251003
259410
262087
262087
262088
262090
262091
262091
262091
262091
262092
262094
262095
262095
262097
262098
262098
262098
262101
262101
262102
262102
262102
262102
262102
262103
262105
262105
262105
262105
262105
262105
262105
262105
262105
262105
262105
262105
262106
262106
262106
262106
262106
262106
262106
262106
262106
262106
262106
262106
262106
262106
262106
262106
262106
262107
262111
262112
262114
262114
262115
262115
262115
262115
262115
262115
262116
262116
262116
262116
262116
262116
262116
262116
262116
262116
262116
262116
262116
262116
262116
262118
262118
262118
262118
262118
262118
262118
262118
262118
262118
262118
262118
262118
262118
262120
262120
262120
262120
262120
262121
262121
262121
262122
262122
262122
262122
262122
262122
262122
262122
262122
262122
262122
262122
262122
262122
262122
262122
262122
262122
262122
262122
262122
262122
262122
262122
262122
262124
262144
