328
335
335
335
335
335
336
337
337
337
337
337
337
338
338
338
338
338
338
338
338
338
338
340
340
346
3044
3276
3688
3864
4043
4412
4569
4734
5058
5211
5528
5683
5851
6213
6422
6659
7137
7439
7772
8448
8813
9685
10154
10658
11778
12395
13000
14266
15017
15747
17235
18004
19651
20510
21335
22984
23907
24779
26483
27400
28270
30038
30904
32550
33302
34094
35564
36236
36987
38343
39027
39659
40908
41444
42604
43168
43682
44740
45246
45678
46637
47142
47628
48589
49119
50188
50662
51188
52348
52949
53516
54688
55271
55824
57029
57564
58717
59276
59865
60983
61602
62198
63460
64099
65398
66048
66702
68106
68799
69520
71102
71905
72768
74602
75541
77866
79113
80443
83366
85053
86784
91132
93459
95994
101700
104765
111968
115952
120182
129524
134477
139800
150868
156383
162169
173969
180524
195559
203407
210174
220483
224971
229488
239553
245115
249774
257679
262109
262109
262109
262109
262109
262109
262109
262109
262109
262109
262109
262110
262110
262110
262110
262110
262110
262110
262110
262110
262110
262110
262110
262112
262112
262112
262112
262112
262112
262112
262112
262112
262112
262112
262113
262113
262113
262113
262113
262114
262114
262114
262114
262114
262114
262114
262114
262114
262114
262114
262114
262114
262114
262114
262114
262115
262115
262115
262115
262115
262115
262115
262115
262115
262115
262115
262115
262115
262118
262118
262118
262118
262119
262119
262119
262119
262119
262120
262120
262120
262120
262120
262120
262120
262120
262120
262120
262120
262120
262121
262121
262121
262121
262121
262121
262121
262121
262121
262121
262121
262121
262122
262144
