320
330
332
333
333
333
333
333
333
333
333
333
333
333
333
333
333
333
333
333
333
333
334
335
335
342
342
342
342
343
343
343
344
344
344
344
344
344
344
344
345
347
347
348
349
350
350
350
351
351
352
354
355
355
355
355
355
356
358
359
359
360
360
361
362
363
363
363
363
365
365
365
366
366
366
366
366
366
366
366
367
367
368
369
370
371
372
372
373
374
375
377
379
380
380
386
389
389
389
389
389
389
393
409
418
427
457
476
488
494
497
497
497
498
498
498
499
499
499
501
513
533
590
681
1012
1418
2030
2907
4267
5322
6277
7578
8233
8761
9205
9804
10192
10551
11126
11457
11802
12090
12599
12966
13312
13716
14416
14989
15629
16791
17662
18583
19634
21350
22621
24123
25718
28345
30390
32661
36304
39099
42108
44876
48758
51091
53333
55333
58018
59624
61380
63786
65546
67778
70221
74760
78415
83294
89071
100640
111696
125066
150215
169424
190248
209657
230978
242667
252254
261346
262027
262112
262112
262112
262113
262113
262113
262114
262114
262114
262114
262114
262114
262114
262114
262114
262114
262116
262116
262116
262116
262116
262116
262116
262116
262116
262116
262116
262116
262116
262116
262121
262121
262121
262121
262121
262121
262121
262121
262121
262121
262122
262122
262122
262122
262122
262122
262122
262122
262122
262122
262122
262122
262124
262124
262124
262125
262125
262125
262125
262125
262126
262126
262126
262126
262144
