0.00135803
0
0.0102882
0.00382233
0.00387955
0.00303268
0.0049057
0.00242233
0.00395966
0.00511551
0.00192261
0.00426483
0.00466537
0.00482941
0.00286484
0.00278473
0.00567627
0.00293732
0
0.00625992
0.00642395
0
0.00629044
0.00352478
0.00333023
0.00649643
0.00349808
0.00331879
0
0.00674438
0.00329971
0.00626373
0.00286865
0.00302124
0.00561142
0.00256348
0.00286484
0.00517273
0.00502014
0.00476837
0.00204468
0.00442123
0.00411224
0.00403595
0.00357437
0.00365829
0.00377655
0.00567627
0.00406647
0.00379944
0
0.00671005
0.00215912
0.0067215
0.00211334
0.0045929
0.00204086
0.00649261
0.00224686
0.00426483
0.00463486
0.00481796
0.00243759
0.00495529
0.00247955
0.00249481
0.00535583
0.00539398
0
0.00603104
0.0030632
0.00329208
0.00699997
0.00357056
0
0
0.00885773
0.00474548
0.00506973
0
0
0.0111504
0
0.00642776
0.00660324
0
0
0
0.0165977
0
0
0.00887299
0
0.00967026
0
0
0
0
0
0.0217781
0
0
0.0116997
0
0
0
0
0
0
0.0274849
0
0
0
0.0151978
0
0
0
0.0161362
0
0
0
0
0
0
0
0
0.0356407
0
0
0
0
0.018898
0
0
0
0
0.0203133
0
0
0
0
0
0
0
0
0
0
0.0422287
0
0
0
0
0.0210419
0
0
0
0
0
0.0220757
0
0
0
0
0
0
0
0
0
0
0.0450172
0
0
0
0
0
0
0.0250053
0
0
0
0
0
0
0
0
0
0
0
0
0
0.057354
0
0
0
0
0
0
0
0.0299377
0
0
0
0
0
0
0.0258141
0
0
0
0
0
0
0
0
0
0.0393257
0
0
0
0.0171165
0
0
0
0
0.017231
0
0
0
0
0
0
0
0
0.0383949
0
0
0
0
0
0.0212173
0
0
0
0.0177765
0
0
0
0
0
0
0
0.0301514
0
0
0
0.0170631
