002020000
200020000
000020020
000022000
002022000
022020000
220020000
200220000
000220200
000020220
000020022
000022002
022220000
220022000
020022002
002022020
012020200
002021200
012021200
210020002
200120002
210120002
002120200
002020210
002120210
200021002
200020012
200021012
220220000
220220001
220220010
220220011
220220100
220220101
220220110
220220111
220221000
220221001
220221010
220221011
220221100
220221101
220221110
220221111
221220000
221220001
221220010
221220011
221220100
221220101
221220110
221220111
221221000
221221001
221221010
221221011
221221100
221221101
221221110
221221111
020222000
020222100
120222000
120222100
020222000
020222001
021222000
021222001
000222020
000222021
001222020
001222021
000222020
000222120
100222020
100222120
020220020
021220020
120220020
121220020
020220020
020220021
020220120
020220121
020022020
020022021
020022120
020022121
020022020
021022020
120022020
121022020
202020001
202021001
212020001
212021001
202120001
202121001
212120001
212121001
202020010
202021010
212020010
212021010
202120010
202121010
212120010
212121010
202020011
202021011
212020011
212021011
202120011
202121011
212120011
212121011
202020100
202021100
212020100
212021100
202120100
202121100
212120100
212121100
202020101
202021101
212020101
212021101
202120101
202121101
212120101
212121101
202020110
202021110
212020110
212021110
202120110
202121110
212120110
212121110
202020111
202021111
212020111
212021111
202120111
202121111
212120111
212121111
201020200
201020200
211020210
211020210
201120200
201120200
211120210
211120210
200021200
200021200
210021210
210021210
200121200
200121200
210121210
210121210
201021200
201021200
211021210
211021210
201121200
201121200
211121210
211121210
200020201
200020201
210020211
210020211
200120201
200120201
210120211
210120211
201020201
201020201
211020211
211020211
201120201
201120201
211120211
211120211
200021201
200021201
210021211
210021211
200121201
200121201
210121211
210121211
201021201
201021201
211021211
211021211
201121201
201121201
211121211
211121211
100020202
100021202
100020212
100021212
100120202
100121202
100120212
100121212
010020202
010021202
010020212
010021212
010120202
010121202
010120212
010121212
110020202
110021202
110020212
110021212
110120202
110121202
110120212
110121212
001020202
001021202
001020212
001021212
001120202
001121202
001120212
001121212
101020202
101021202
101020212
101021212
101120202
101121202
101120212
101121212
011020202
011021202
011020212
011021212
011120202
011121202
011120212
011121212
111020202
111021202
111020212
111021212
111120202
111121202
111120212
111121212
002020102
002021102
012020112
012021112
002020102
002021102
012020112
012021112
002120002
002121002
012120012
012121012
002120002
002121002
012120012
012121012
002120102
002121102
012120112
012121112
002120102
002121102
012120112
012121112
102020002
102021002
112020012
112021012
102020002
102021002
112020012
112021012
102020102
102021102
112020112
112021112
102020102
102021102
112020112
112021112
102120002
102121002
112120012
112121012
102120002
102121002
112120012
112121012
102120102
102121102
112120112
112121112
102120102
102121102
112120112
112121112
020022200
020022201
120022200
120022201
020220002
020220102
021220002
021220102
002220020
002220021
102220020
102220021
200022020
200022120
201022020
201022120
