0.00384903
0.00389099
0.00334167
0
0.0051918
0.00402832
0.00364304
0.00495911
0.00621033
0.00376511
0.0035553
0.00365829
0.00466156
0.00154114
0.00485611
0.00244522
0.00443268
0.0033226
0.00350952
0.00400543
0.00655365
0
0.00484848
0.00572968
0
0.00608444
0
0.0100212
0
0.00780106
0
0.00866318
0
0
0
0.0138931
0
0
0.0106583
0
0
0.0114784
0
0.0105591
0
0
0
0.0148048
0
0.00889969
0
0
0.00855255
0
0.00762939
0
0.0102425
0
0.0061264
0.00669861
0
0
0.00917816
0.00671387
0
0
0.0085144
0
0.00931931
0
0
0
0.0173302
0
0
0
0.0139465
0
0
0
0
0.0186157
0
0
0
0
0.022049
0
0
0
0
0
0
0
0
0
0
0
0.0441322
0
0
0
0
0
0
0
0
0
0
0.0421906
0
0
0
0
0
0
0
0
0
0
0
0
0.0510025
0
0
0
0
0
0
0
0
0
0
0
0
0
0
0
0
0
0
0
0
0
0
0
0.0959396
0
0
0
0
0
0
0
0
0
0
0
0
0
0
0
0
0
0
0.0732765
0
0
0
0
0
0
0
0
0
0
0
0
0
0
0
0
0
0
0
0.0794716
0
0
0
0
0
0
0
0
0
0
0
0
0
0
0
0
0
0
0.0740395
0
0
0
0
0
0
0
0
0
0
0
0
0
0
0
0
0
0
0
0
0.0813332
0
0
0
0
0
0
0
0
0
0
0.0445938
0
0
0
0
0
0
0
0
0
0.0365753
0
0
0
0
0
0
0
0
0.0376663
