0.00140762
0.00140762
0.00140762
0.0151825
0.0193825
0.0229454
0.0266838
0.0288925
0.0340157
0.0383377
0.0427933
0.0458755
0.0494385
0.0518417
0.0557327
0.0600357
0.0631065
0.0681839
0.0736656
0.0776825
0.0776825
0.0840149
0.0840149
0.0908966
0.0957527
0.0957527
0.103821
0.109074
0.109074
0.109074
0.117672
0.117672
0.126011
0.131256
0.131256
0.139523
0.139523
0.147511
0.147511
0.152489
0.159996
0.159996
0.16732
0.16732
0.172207
0.172207
0.179928
0.18721
0.18721
0.191826
0.199047
0.199047
0.205162
0.208984
0.214371
0.214371
0.222664
0.222664
0.227478
0.232567
0.235828
0.241165
0.241165
0.250008
0.250008
0.255886
0.259789
0.265636
0.265636
0.272018
0.27676
0.27676
0.283985
0.283985
0.291927
0.291927
0.297695
0.297695
0.307571
0.307571
0.307571
0.319942
0.319942
0.319942
0.330154
0.330154
0.330154
0.330154
0.330154
0.350391
0.350391
0.350391
0.350391
0.350391
0.350391
0.350391
0.376369
0.376369
0.376369
0.376369
0.376369
0.398182
0.398182
0.398182
0.398182
0.398182
0.398182
0.398182
0.398182
0.398182
0.398182
0.398182
0.438763
0.438763
0.438763
0.438763
0.438763
0.438763
0.438763
0.438763
0.438763
0.438763
0.438763
0.438763
0.438763
0.438763
0.493462
0.493462
0.493462
0.493462
0.493462
0.493462
0.493462
0.493462
0.493462
0.493462
0.493462
0.535229
0.535229
0.535229
0.535229
0.535229
0.535229
0.535229
0.535229
0.535229
0.535229
0.535229
0.535229
0.535229
0.535229
0.535229
0.535229
0.535229
0.604149
0.604149
0.604149
0.604149
0.604149
0.604149
0.604149
0.604149
0.604149
0.604149
0.604149
0.604149
0.604149
0.604149
0.604149
0.604149
0.604149
0.604149
0.604149
0.6777
0.6777
0.6777
0.6777
0.6777
0.6777
0.6777
0.6777
0.6777
0.6777
0.6777
0.6777
0.6777
0.6777
0.733814
0.733814
0.733814
0.733814
0.733814
0.733814
0.733814
0.733814
0.733814
0.733814
0.733814
0.733814
0.733814
0.733814
0.733814
0.733814
0.733814
0.733814
0.733814
0.733814
0.733814
0.814789
0.814789
0.814789
0.814789
0.814789
0.814789
0.814789
0.814789
0.814789
0.814789
0.814789
0.814789
0.814789
0.814789
0.871002
0.871002
0.871002
0.871002
0.871002
0.871002
0.871002
0.871002
0.871002
0.905334
0.905334
0.905334
0.905334
0.905334
0.905334
0.905334
0.905334
0.905334
0.905334
0.905334
0.905334
0.905334
0.905334
0.95755
0.95755
0.95755
0.95755
0.95755
0.95755
0.95755
0.95755
0.989613
0.989613
1
