0.00384903
0.00774002
0.0110817
0.0110817
0.0162735
0.0203018
0.0239449
0.028904
0.0351143
0.0388794
0.0424347
0.046093
0.0507545
0.0522957
0.0571518
0.059597
0.0640297
0.0673523
0.0708618
0.0748672
0.0814209
0.0814209
0.0862694
0.0919991
0.0919991
0.0980835
0.0980835
0.108105
0.108105
0.115906
0.115906
0.124569
0.124569
0.124569
0.124569
0.138462
0.138462
0.138462
0.14912
0.14912
0.14912
0.160599
0.160599
0.171158
0.171158
0.171158
0.171158
0.185963
0.185963
0.194862
0.194862
0.194862
0.203415
0.203415
0.211044
0.211044
0.221287
0.221287
0.227413
0.234112
0.234112
0.234112
0.24329
0.250004
0.250004
0.250004
0.258518
0.258518
0.267838
0.267838
0.267838
0.267838
0.285168
0.285168
0.285168
0.285168
0.299114
0.299114
0.299114
0.299114
0.299114
0.31773
0.31773
0.31773
0.31773
0.31773
0.339779
0.339779
0.339779
0.339779
0.339779
0.339779
0.339779
0.339779
0.339779
0.339779
0.339779
0.339779
0.383911
0.383911
0.383911
0.383911
0.383911
0.383911
0.383911
0.383911
0.383911
0.383911
0.383911
0.426102
0.426102
0.426102
0.426102
0.426102
0.426102
0.426102
0.426102
0.426102
0.426102
0.426102
0.426102
0.426102
0.477104
0.477104
0.477104
0.477104
0.477104
0.477104
0.477104
0.477104
0.477104
0.477104
0.477104
0.477104
0.477104
0.477104
0.477104
0.477104
0.477104
0.477104
0.477104
0.477104
0.477104
0.477104
0.477104
0.477104
0.573044
0.573044
0.573044
0.573044
0.573044
0.573044
0.573044
0.573044
0.573044
0.573044
0.573044
0.573044
0.573044
0.573044
0.573044
0.573044
0.573044
0.573044
0.573044
0.64632
0.64632
0.64632
0.64632
0.64632
0.64632
0.64632
0.64632
0.64632
0.64632
0.64632
0.64632
0.64632
0.64632
0.64632
0.64632
0.64632
0.64632
0.64632
0.64632
0.725792
0.725792
0.725792
0.725792
0.725792
0.725792
0.725792
0.725792
0.725792
0.725792
0.725792
0.725792
0.725792
0.725792
0.725792
0.725792
0.725792
0.725792
0.725792
0.799831
0.799831
0.799831
0.799831
0.799831
0.799831
0.799831
0.799831
0.799831
0.799831
0.799831
0.799831
0.799831
0.799831
0.799831
0.799831
0.799831
0.799831
0.799831
0.799831
0.799831
0.881165
0.881165
0.881165
0.881165
0.881165
0.881165
0.881165
0.881165
0.881165
0.881165
0.881165
0.925758
0.925758
0.925758
0.925758
0.925758
0.925758
0.925758
0.925758
0.925758
0.925758
0.962334
0.962334
0.962334
0.962334
0.962334
0.962334
0.962334
0.962334
0.962334
1
