001010000
100010000
000010100
000010001
000011000
010010000
000110000
000010010
001011000
011010000
110010000
100110000
000110100
000010110
000010011
000011001
001011001
111010000
100110100
000010111
110011000
010011001
011110000
001011010
011011000
110110000
000110110
000011011
110011001
011110100
111011000
011011001
111110000
110110100
100110110
000110111
000011111
001011011
111011001
111110100
100110111
001011111
011011011
111111000
110110110
000111111
111011011
011011111
111111100
111111001
111110110
110110111
100111111
001111111
111011111
111111101
111110111
101111111
